47 12 25 72 24 94 10 340 387 916 601 3 688 29 518 14 625 694 112 30 15 562 1000 632 0
156 211 165 68 982 9 680 455 183 355 935 26 645 658 92 915 9 757 211 30 15 247 17 216 776 0
373 70 499 14 59 431 12 10 55 703 1 23 5 79 392 287 3 754 0
47 12 169 884 15 1 791 2 1 24 772 3 136 2 37 829 3 715 94 954 72 356 2 962 464 765 670 17 905 309 0
282 7 271 28 906 6 770 965 2 237 22 6 904 996 408 42 11 579 3 163 891 3 888 2 822 389 660 0
98 117 2 66 995 781 504 470 133 22 447 200 5 575 106 0
744 2 7 26 68 38 649 64 1 380 2 39 3 63 74 17 476 571 748 0
13 947 259 2 1 34 7 12 22 1 197 364 34 510 201 554 6 296 789 2 1 398 403 51 0
422 3 1 34 685 51 0
927 17 239 0
13 860 420 721 1 400 186 10 478 988 0
13 34 7 444 4 593 22 985 9 393 3 1 34 454 22 463 0
484 102 184 1 87 89 786 29 674 9 467 183 512 31 963 804 42 687 14 71 956 0
221 598 2 1 150 227 31 9 226 230 979 3 868 547 519 32 980 5 1 11 289 2 1 879 487 27 40 84 28 67 1 34 11 17 7 4 871 75 17 29 428 0
13 60 24 144 5 125 185 25 11 771 8 121 530 857 451 1 733 147 2 7 4 1 994 498 0
270 1 314 3 131 4 319 1 672 119 205 68 38 120 9 6 124 21 7 3 37 67 9 6 124 12 543 367 500 1 114 283 0
329 1 59 933 43 67 119 5 280 5 552 220 94 533 578 5 220 7 9 100 36 0
664 925 5 1 23 12 70 5 11 650 679 7 12 28 25 531 588 9 101 12 6 559 2 928 57 808 3 19 15 1 544 3 104 49 671 7 816 659 0
767 55 847 79 714 5 720 10 7 12 6 976 2 24 432 934 218 3 732 269 689 1 83 874 290 3 77 91 710 4 1 413 2 77 180 225 4 291 2 6 48 30 15 936 566 15 145 3 15 633 27 62 69 205 1 173 493 9 1 69 30 15 308 179 12 969 6 1005 2 6 656 17 30 15 341 704 12 136 92 779 1003 17 837 1 72 179 12 25 621 880 863 0
360 50 322 2 1 69 2 7 212 1 300 0
41 1 826 195 2 750 25 264 218 84 28 582 0
193 8 90 1 161 2 773 3 867 10 260 8 438 3 194 76 127 9 6 503 0
466 228 836 2 7 4 1 197 162 18 4 708 3 695 0
16 118 54 74 201 461 217 2 1 83 8 636 20 293 311 51 0
394 3 833 376 0
681 4 796 11 759 18 743 20 895 3 295 0
294 3 780 120 1 379 2 993 5 537 1 129 893 414 132 20 1 23 3 502 176 0
248 830 255 182 832 3 425 5 1 567 2 219 145 2 430 0
768 737 180 948 545 3 91 182 93 793 5 924 171 5 825 886 0
807 18 701 2 6 48 30 15 585 3 404 225 57 37 160 88 1 375 2 6 235 0
41 1 570 489 101 8 436 194 335 950 43 384 53 58 4 1 604 162 17 4 646 595 0
110 111 2 149 71 712 147 5 53 36 0
16 908 6 265 931 45 9 983 8 800 21 25 707 48 3 1 357 2 338 27 949 324 204 185 558 20 1 468 0
16 790 53 137 702 65 1 235 0
16 987 104 137 244 130 3 100 760 0
835 49 18 1 406 2 53 7 4 1 854 5 697 0
193 8 4 1 606 3 14 1 138 2 359 3 326 845 872 10 100 76 472 0
977 18 811 4 29 718 402 112 10 18 30 28 15 405 27 572 0
13 690 749 399 126 7 14 1 551 21 39 240 0
13 139 869 126 7 8 1 87 89 4 44 1 130 3 318 350 490 5 198 6 897 158 20 310 3 521 0
151 187 516 2 7 972 909 1 60 11 123 0
473 12 1 195 2 623 7 10 453 849 1 146 2 1 208 97 105 2 388 3 8 1 368 590 2 36 0
226 230 127 54 7 4 901 642 217 1 83 556 279 164 421 1 821 5 200 3 121 115 189 2 206 204 974 682 4 820 0
763 103 73 206 3 513 55 5 508 36 0
178 186 320 798 154 1 839 699 525 113 1 86 634 564 471 71 45 9 1 577 446 168 4 810 5 583 354 795 123 0
434 5 37 277 5 427 992 202 1 86 81 6 134 410 0
616 78 81 6 396 457 4 1 86 3 6 866 2 37 209 651 0
115 942 1 333 435 167 23 784 233 24 761 3 229 152 817 0
178 998 154 6 99 587 14 78 44 848 4 719 14 1 334 2 1 82 35 10 971 73 460 4 480 0
13 50 865 960 4 540 181 852 15 698 1 82 32 696 409 0
78 8 233 21 1 161 2 6 24 153 5 198 52 4 619 882 292 103 66 10 1 553 132 2 167 164 8 736 627 0
103 12 614 21 902 10 629 31 6 153 32 918 492 20 856 706 55 32 146 603 5 79 1 108 524 2 419 0
584 191 964 22 1 506 19 168 1 538 486 157 0
910 1 207 2 344 304 6 85 144 3 861 135 252 14 106 0
973 443 449 469 22 1 618 107 878 245 21 216 819 3 742 2 665 171 5 728 1004 0
13 50 628 2 135 8 10 774 299 32 383 5 870 57 602 0
241 1 139 2 1 196 7 56 138 77 155 1 267 0
16 118 229 95 2 401 735 1 505 412 846 2 507 0
939 8 6 840 21 844 919 22 940 2 1 328 459 378 64 257 397 5 944 0
16 943 352 266 609 8 6 805 3 788 8 1 109 187 753 740 0
41 10 792 6 876 2 19 418 64 495 2 914 4 654 5 175 29 24 323 0
110 111 2 116 12 113 597 2 1 509 0
13 520 2 1 87 214 35 64 42 95 3 1 762 3 818 2 42 610 5 386 390 782 1 231 2 1 107 580 286 63 24 828 3 440 0
288 709 42 19 900 75 22 188 528 395 19 18 306 3 358 975 370 0
894 477 1 316 2 1 441 726 372 18 28 29 448 827 8 242 116 44 43 19 148 190 222 173 722 0
46 799 576 4 1 85 274 0
41 1 599 19 56 941 27 40 600 5 254 1 96 234 2 1 997 0
166 40 624 1002 231 90 1 199 981 8 549 0
46 4 70 250 18 594 677 824 281 17 140 1 739 652 0
46 22 238 3 691 234 661 5 546 0
13 966 777 3 561 917 877 4 1 756 989 18 1 109 228 497 0
535 1 19 191 365 4 920 159 108 648 49 716 305 662 3 723 36 0
831 705 5 550 6 802 417 10 32 669 21 1 96 93 1 843 18 65 133 10 32 337 6 24 887 0
13 626 2 1 374 4 1 838 89 3 1 439 85 97 105 84 415 426 5 11 58 605 0
221 82 3 278 755 1 199 377 9 653 25 339 3 555 785 177 33 1 751 2 7 3 59 214 122 0
16 475 3 1 114 301 738 2 1 50 787 58 2 1 209 251 2 529 3 630 858 2 1 61 391 952 1 725 3 140 1 256 157 0
16 1 208 97 635 19 3 907 693 3 1001 429 437 382 75 14 104 49 2 349 0
142 56 6 263 11 149 3 19 892 25 617 275 4 1 747 0
16 174 5 1 385 958 25 655 35 2 806 3 881 526 20 657 898 73 80 2 873 3 2 638 850 2 970 142 253 40 953 1 684 0
13 465 262 968 43 644 348 33 1 131 2 1 647 27 1 990 8 6 99 450 57 842 3 19 33 6 347 2 921 663 745 769 9 366 812 864 5 313 80 2 1 243 0
16 1 60 317 90 61 105 775 1 11 35 8 734 321 0
166 1 678 581 6 128 2 36 0
13 143 746 2 31 6 128 172 26 38 1 851 342 2 955 3 1 667 276 20 1 899 686 0
41 62 416 7 8 158 52 2 59 58 724 5 803 1 23 3 527 31 9 1 999 912 3 643 202 1 548 859 17 1 569 2 1 232 0
47 8 345 91 14 1 889 903 35 9 855 20 298 31 9 611 3 1 445 926 0
424 589 923 26 568 38 6 52 2 1 11 35 4 1 411 2 325 40 813 14 815 190 1 371 814 2 640 4 1 232 0
613 1 246 2 1 522 196 7 177 4 608 3 207 9 52 2 1 692 890 3 268 122 0
46 81 45 21 29 462 4 192 65 1 741 2 1 61 285 381 711 494 2 727 641 3 1 61 346 1006 801 0
151 11 102 33 188 192 362 4 875 152 407 3 885 141 14 1 673 0
156 536 18 315 20 637 752 911 343 574 45 9 481 330 794 946 766 4 62 937 212 951 683 978 95 3 1 67 2 639 332 31 9 1 841 0
224 134 666 2 62 730 8 1 141 33 1 783 456 4 676 4 514 0
98 76 26 38 591 4 1 883 2 1 961 4 515 823 3 1 675 758 2 258 474 92 442 45 9 307 6 297 560 959 731 4 991 336 0
98 117 2 66 56 38 573 483 4 159 143 563 163 541 7 3 39 361 44 26 43 181 327 433 3 853 0
13 63 213 2 7 369 932 223 607 5 23 17 39 80 155 1 284 93 222 4 1 39 213 809 586 223 5 175 273 565 3 215 10 249 26 479 10 48 967 5 261 778 764 2 353 0
16 6 986 3 210 615 101 165 622 203 312 1 150 452 491 11 542 203 501 1 729 227 3 620 0
303 1 631 102 2 11 66 12 54 7 44 1 210 862 10 1 23 612 170 717 88 496 1 511 2 96 5 482 896 0
224 929 922 2 63 74 54 7 172 713 1 423 2 6 834 23 9 363 3 169 331 668 797 27 215 10 160 913 28 26 6 170 488 5 596 1 23 302 37 485 129 14 219 176 0
351 517 65 592 184 1 11 957 8 7 88 945 6 125 21 700 60 148 20 523 938 930 458 4 532 4 174 5 1 99 984 2 11 189 33 1 557 0
16 272 1 534 539 51 0
